99116	66544	57456	35928	32108
75459	50884	96010	31713	21959
39062	76321	56040	45232	5249
47907	98107	92090	21956	21613
67713	76911	79106	17274	84548
36867	9051	37550	21370	44943
10847	20119	45992	51140	57098
97608	4911	66786	9828	56377
50007	79508	7579	28806	34796
11538	8885	76483	99063	29752
74618	51766	58938	29659	77207
63937	43921	72036	23574	99540
61874	5096	20301	24850	86773
17460	85546	5999	45080	87884
96933	20361	72597	35502	22521
31100	49139	91489	37655	74368
53059	51424	31614	64774	35940
63091	3607	87573	17441	62205
23575	30972	10121	74161	68267
29475	15465	30444	48331	42546
76241	69452	78424	62742	26220
19585	48322	76179	27821	10082
70084	2141	9389	97409	29213
36110	10120	85236	33846	6836
79245	10966	99387	5635	66254
97354	38799	58262	36660	51017
87588	35336	49728	55888	39316
36249	65475	76628	35191	87848
6208	50300	35246	5309	21910
52556	40270	69137	60453	73526
62228	85423	20510	70915	46257
48526	36203	49449	38204	29156
39460	94404	72470	36152	69478
65048	52998	25595	93425	52256
44436	33584	5502	71489	49482
80944	82562	75269	72901	54232
37344	61575	91336	11434	97015
23982	58595	52459	1606	25953
47884	98281	95452	3251	66439
14206	16561	7607	76463	22194
68821	62207	54869	58741	17236
85455	33397	2966	85877	44185
17399	48378	83713	38446	53814
32637	91054	69942	42901	1155
77839	76599	33781	60093	85518
66566	61024	30063	511	17728
55031	69151	35384	82827	40627
39566	45836	30864	71825	91298
27041	4965	52182	84053	73123
75368	90386	83017	33023	45808
85002	24738	53577	45689	37679
6860	77573	7067	20452	19133
54161	14302	38957	67794	81011
37511	90419	34197	5667	72805
5537	29103	16246	82288	41078
9318	37	34419	67274	35478
83368	57599	45080	46843	81262
72767	47344	18383	79	8577
57097	39756	57868	70822	19595
72511	73528	4495	61781	46302
90394	54738	19753	88681	93889
95786	22401	81759	7282	4462
11279	90097	25197	96840	91079
79734	13452	6836	50732	71727
75447	9224	61776	16251	37114
16116	7466	27649	53800	91216
82296	38595	23241	72634	36459
9798	52375	19726	61065	43052
99919	97245	69569	27543	24594
99040	1926	59843	78546	38323
44568	2564	35359	74941	20790
17911	93067	29441	83363	42195
68484	98145	12988	49947	57779
907	90570	85627	88912	96154
19620	66883	2142	56948	73428
94659	80715	31217	34201	46136
91347	54218	13491	77113	32083
29200	33806	78188	58329	95256
70644	64936	68831	70762	98762
68627	76669	54426	14121	44704
25832	56590	12534	37071	68754
84364	43305	93688	87580	74762
82613	24836	94727	20212	33555
83918	9418	12834	1482	93305
44594	81864	87779	84034	8220
90226	73542	9416	70500	19936
55703	63192	78566	41902	26831
82137	93248	8413	46603	15418
50606	39222	80044	62593	64102
27525	12686	24505	53972	94222
66417	4672	84843	23612	78159
94802	40244	94002	76604	98927
54958	37859	65709	15488	26875
18055	99425	87789	50939	77454
82195	95106	68173	24274	91671
26782	81868	72074	53780	20131
94055	40399	3608	72300	5631
41480	80660	43187	37259	23418
41250	93278	69761	69480	91976
90409	27510	75423	88397	55487
83267	9825	21111	95258	96250
83564	65232	10811	61079	39443
78247	92730	33099	51451	94240
6151	64406	90847	81535	90013
70827	95185	30664	83517	66531
94825	47583	64298	98862	50526
14983	3766	58715	33525	42414
96653	85674	49228	80688	22333
31375	30905	43173	90589	13187
74846	62938	76304	18803	81138
55452	83888	63771	12818	42253
56356	23711	71440	4287	24134
94684	35515	35491	84106	61729
41110	45734	69379	33073	85935
79066	50264	84167	33577	62750
19483	29551	21104	31951	10146
84190	95426	60913	78081	75940
76560	94919	90257	96131	87573
4379	62564	16668	35927	98035
64239	74245	95933	27167	58863
32076	93988	10236	60166	34997
38327	13450	89844	87634	68695
50250	8851	64347	57619	2217
65431	72793	8274	7435	37514
1705	2740	12988	27658	10307
79639	32229	18353	11366	84018
8260	59476	69613	84346	3147
32992	79935	91936	35533	2086
23470	53355	17048	37385	10163
63489	60417	60340	72579	65355
34970	74191	8220	37616	928
37914	67848	95302	3165	10800
71010	89512	96457	76355	12737
58441	98914	48567	49605	88254
21319	56559	41155	70940	47323
99938	45331	17577	79925	35039
86780	28965	26618	569	67268
1265	90955	5805	6482	7860
45099	59405	8076	82505	80163
27284	38021	26501	36774	96377
53113	57376	92809	23879	89362
34798	10218	86173	41599	29426
89739	53387	52798	85040	61373
63315	69076	81290	58174	25263
36116	91525	33036	45608	96443
4350	79583	77747	36238	997
15714	85497	91148	86641	62267
27275	86975	41457	68554	22567
81901	75117	54869	70241	94643
32519	36249	41769	33230	60439
11884	35965	81200	80542	20757
78874	87834	12015	26756	95650
92562	62708	13872	13487	96226
16353	71550	69109	65007	3951
99423	16707	68843	91375	8076
87456	8210	75727	46528	23574
83150	97030	62586	75734	29788
35609	60927	79783	96434	97798
61111	94495	84475	59250	8490
55197	56040	50073	41200	80212
3635	81249	15856	75898	99789
97118	87224	69150	54523	81362
7441	49376	67057	1529	79566
47502	46195	81029	7108	26040
77943	18414	67039	82633	25577
72778	81702	91998	80508	59397
43928	60924	78973	80303	16756
18025	8979	55469	96551	64073
36430	12635	19378	51189	69009
26014	75746	73325	46224	519
11917	85595	5206	43491	12946
76007	22741	61337	34290	93778
58079	93581	49705	85940	27478
231	853	6514	82507	55702
1104	48545	90170	97469	8856
85051	65123	85424	29494	2319
77423	40774	6205	6528	18960
14169	95471	42335	12365	2276
19952	60375	29166	14170	93990
33338	25989	49554	40944	84387
67900	45952	48633	38313	92424
25932	38124	84190	76707	42960
27854	82725	84988	36871	40241
99066	41443	6754	41846	28519
70158	55285	31498	13541	49495
97546	14255	50740	30731	2287
28969	51172	43751	59937	70717
54484	805	8082	46815	72170
41107	16962	67162	19010	806
51289	80716	44094	32342	96212
71070	9217	79254	10717	45859
35181	13488	23381	95237	33143
44308	28107	61028	74614	46286
87731	42730	31292	76215	17166
76074	41764	65775	88882	42461
35299	23119	3539	45204	83788
72666	7112	69688	40494	99732
49210	47671	99446	55057	62459
87292	47215	69860	14787	27577
18883	25853	58230	24110	72252
69765	94109	47855	45797	22500
16429	79907	522	91257	11126
11432	58716	78006	53114	52212
53602	93754	53883	13910	61986
54368	44380	353	63503	91888
95248	76685	99522	92554	85160
54533	84086	28029	49180	92691
78036	56213	79636	4868	44116
5359	17373	81244	87690	11540
5521	29938	52611	72299	78743
56370	28167	52626	58524	12201
85480	8614	14529	23439	77233
95907	79064	89897	3654	41058
22287	93656	78303	9694	80777
91682	83378	5204	19411	90230
71409	28727	13806	42589	3400
41979	5123	61619	57687	97413
35510	24616	18995	91353	35021
70	8320	46638	23824	44632
19357	71621	92992	87127	67359
33315	92120	51420	22742	95923
67799	74037	34550	73112	47779
31031	33989	10999	1281	97473
45304	1420	3141	91129	68938
93749	70544	66979	23760	31638
80117	97629	15143	84037	99936
88174	1526	98556	15773	1624
83721	1499	26451	91841	66223
56369	5964	48243	87820	94991
57899	74690	3815	94536	24190
1638	95075	49385	82482	67625
11340	45938	53536	27601	26088
93527	14725	91577	94626	27339
52360	77820	99180	37606	29177
41016	59082	33548	46841	54231
38180	58853	34544	91288	36484
42444	47899	49747	80916	43226
80927	95048	17478	75783	17768
83383	84530	86557	77363	29028
38808	41672	76484	50637	43503
73212	90889	64330	78839	29682
58832	23336	96972	98869	98107
80842	83128	87815	10077	72044
45138	3081	99936	18429	28118
88573	1726	32814	29988	58350
47648	80531	55753	54786	79570
59831	95534	6817	55717	94575
51163	53008	16145	95096	60157
11780	92306	62215	57833	31964
50883	59957	90797	4563	17419
17332	71032	88072	85315	84290
19802	94403	57620	926	86842
71988	81637	96500	74107	57380
56767	42594	32167	97750	31253
75319	12123	86794	3541	30851
44796	15760	49224	61006	51011
77308	92546	10769	33585	23400
16663	65691	94929	70659	82831
10690	78603	81046	70959	1726
96178	55624	38477	4427	48275
26608	96609	92343	61212	52855
3626	50181	73178	99815	89682
51046	68497	42232	86471	51179
89291	53848	99146	54973	43261
20106	85939	76434	6723	37764
17319	46916	24081	10313	75360
26015	7209	14380	39452	23203
34499	22880	22557	92812	57288
17308	47192	23882	52200	85011
66608	55141	21649	4129	83554
47341	74525	23578	96294	34345
86771	97722	85413	81877	23062
20744	9347	67322	8504	22784
11702	54461	89795	29962	60990
55981	85633	83738	38647	86572
10523	62749	74000	91447	69413
61865	72924	22673	93733	407
66715	84038	97617	21053	54640
40648	42804	50191	16362	43089
45377	70026	76451	39337	52511
48261	13609	89613	41088	7190
43613	95437	3226	74968	58819
7299	78765	2576	70737	85739
77510	62400	39693	16460	11026
16304	63013	11937	95591	17838
76046	81805	32322	51696	15697
44857	42665	15724	44401	54800
86739	12448	33366	87570	9572
46454	48386	25549	94276	25310
77149	42462	47751	44575	37106
97866	46059	27518	60646	72355
76683	92926	34397	67043	69529
54456	59577	58814	67802	36256
32551	21262	88962	92881	8921
89977	66489	5078	73607	66502
60668	55914	95789	71526	87587
30157	89917	16040	77037	47053
42815	52146	36627	63485	37068
32062	27662	42713	41795	50373
51459	75234	39551	58256	20696
43097	60031	71960	72483	81628
79642	12573	48134	87622	43749
60908	59953	93171	84955	53964
81906	14036	28264	24616	90314
23123	35404	97184	70295	85414
97386	89755	75064	28741	10934
77723	27769	64043	19085	71340
71848	95923	26889	40699	75481
66655	39785	67388	19550	58282
59700	91397	52033	47694	93118
90504	44190	27034	93333	65284
48381	744	52574	53954	91044
67341	46976	88257	90241	8157
66500	71621	18038	38346	16949
4732	14846	76885	8915	96748
27191	58414	86367	58545	19942
65443	90942	17719	71276	67047
22890	86237	96134	43010	41470
69831	20042	12644	73469	65047
36223	20861	27924	83310	53804
6307	92702	86711	62286	1359
24256	94972	75874	37764	75798
47056	34172	25116	76224	84959
71557	9851	69655	36171	91146
2290	59637	21392	92323	98666
12449	35336	4982	71443	46974
42842	57752	72227	92671	91475
29750	36736	11350	48190	68524
93831	83814	38098	72029	72971
64336	53445	63351	41208	94669
46795	9734	8061	79703	2230
9540	97642	31481	14142	43797
90910	2389	41328	85586	80541
46855	28518	27214	65960	95805
39715	15611	81425	71426	57243
38446	73463	93340	18421	7887
44127	20492	6191	93553	84816
38133	76880	60307	22997	79179
42648	55362	91567	44868	5990
57715	54166	90932	81049	89993
38257	75950	62943	46878	40828
18660	84368	37372	39158	62322
85140	64256	35449	26956	37144
34919	55037	8615	26833	19607
29451	83547	8841	55835	50995
96225	80954	64838	75627	48250
94786	79078	41581	78235	10584
17352	67486	78899	3706	64950
88012	5796	11512	60613	78583
33469	86624	10021	59057	81764
25720	70816	53764	36694	66059
79203	60851	46230	28628	61290
51299	3449	13666	52075	14304
56281	69161	63950	40702	45921
34697	33861	56414	91225	84
22884	49161	33372	68739	91936
62166	35736	13445	49073	87209
33256	50762	50731	74527	87870
8059	6902	97349	86167	8763
23137	32548	81241	11877	27379
46562	57203	15735	32941	87633
77391	12561	58401	61794	88384
59229	29387	45424	31981	27137
29807	48307	49228	15838	49153
3240	89291	43605	1539	85434
16593	45679	36271	36141	35891
98517	45072	66569	73851	58880
36560	49108	50424	23470	83873
60545	68624	79715	98798	44695
14686	68174	78660	44224	55127
54520	82564	36579	18216	29852
37616	3389	64245	9864	55386
50084	95156	40450	45315	17440
70320	67235	86140	95557	76639
767	86871	99939	31972	41082
44011	34419	35525	29327	27802
47576	76845	79575	71536	29337
4087	34435	42570	40556	6089
50759	80564	16473	95098	72885
708	53203	46719	96948	27211
47165	66341	33698	91501	90859
82029	44023	64772	16457	97294
72766	7022	10699	5679	657
5869	24599	33154	27403	80207
61200	39735	70534	27246	76766
7967	62026	43345	28704	36233
71090	733	87183	19835	42942
73127	79359	47326	6591	44145
31130	76329	27331	65048	13470
89083	89777	20513	68072	24969
87247	51713	33239	28376	31026
47056	89862	59138	78292	21340
79617	90866	2480	94945	94817
49372	93206	10329	26898	66450
17693	29004	64575	363	21412
18346	93820	36445	87589	81569
23932	64481	32941	1101	11489
91618	33360	18596	87896	98881
3085	75765	28007	82850	48097
15442	95849	60150	54846	17841
64722	30281	50534	3337	49536
37216	85183	93670	3165	13307
63334	91401	65290	83718	13124
75906	17799	59443	32650	28417
90572	25465	50636	31165	88813
76200	26556	48196	84226	79518
97395	43993	48375	73019	54694
5412	73660	18706	60926	68336
70642	52449	52102	89904	52414
90245	45880	43167	77158	98370
65762	86897	15810	12389	95909
63476	40289	70091	88130	13926
78596	30858	12879	73950	25455
54597	26222	17992	51293	48753
47105	64175	36517	39450	9217
98171	45431	59665	54030	83328
16133	16965	47401	15978	10770
11412	70048	38197	95596	39735
18265	89075	15343	886	93841
49039	65381	76446	81955	28907
67280	56147	85010	39249	80693
42134	31413	94832	86233	93300
70263	99515	97326	92686	29378
2883	39427	36405	37380	88514
77155	58032	74998	346	32218
31217	82711	21255	74008	94771
90804	65016	79562	19691	77707
24994	50397	8511	30100	44209
20718	6312	61152	72397	77058
31970	42176	41404	86403	88919
80483	3203	47393	93597	96625
94690	51921	26459	41177	14660
44388	77416	23234	8151	32580
63718	99245	59116	62682	2261
92567	23954	56576	2168	47348
13064	38680	89399	87176	52981
26787	14187	74821	45927	69649
97283	66276	36663	16833	797
24754	84573	56535	26223	2046
63255	9997	9913	25145	81673
14389	30917	76397	92601	25325
95436	22670	34072	22156	33782
65864	34817	54443	89059	44427
10897	38340	81792	23431	4923
42146	87097	36654	66299	47937
46391	31556	76058	80496	25537
33433	29456	58750	11475	13171
25856	48901	8141	43802	71227
29029	33747	7954	79380	70686
36214	10754	51554	94184	58553
59722	9118	8180	65048	35532
44628	53351	66399	82319	75050
61639	61339	13685	29231	82442
35846	85537	41808	70515	59953
76918	59820	85100	94612	94388
18649	37333	86142	62744	95385
95031	53791	63457	63966	4470
44420	56496	80381	79433	16829
58947	97729	83586	70127	69774
68839	18681	18786	43243	31415
71422	26436	34133	39362	19443
20137	65876	71019	64242	55135
2991	14174	74887	16563	19941
17556	80933	20607	72257	80469
83614	56326	6767	93474	67100
30357	53124	81135	11132	47537
69102	28282	31224	40299	92260
95418	32746	44392	19556	86354
43062	27962	25016	10712	34466
63837	91621	37534	52734	97234
77874	78026	36654	82799	13827
40427	79341	16715	40229	33569
68067	83136	24933	29474	37824
2928	94452	86957	35452	34994
49303	72675	21312	72757	33508
27398	47374	43363	42687	25209
95054	72596	1075	58866	14324
61561	76843	95283	62712	5367
15667	83612	64021	97084	76084
48380	67137	64694	44836	30039
26664	13681	97833	46913	35775
43220	99866	79391	88174	89263
23484	54763	49085	97536	56258
90657	61919	94401	94906	50766
5392	15332	78788	15300	77360
63294	15516	66063	73087	51856
59220	39977	40045	61671	83124
31557	16951	18477	96716	59289
43971	17039	62968	76547	86890
33533	69313	88349	40723	48400
21765	62121	46261	47828	76044
46202	19234	8880	11881	64471
79169	96386	67205	66294	1200
81552	343	11366	65235	17284
81164	95593	81371	64373	59685
28444	20229	82903	46330	97705
79968	32218	60219	58083	65319
85745	88439	86515	75698	65169
55615	23934	90727	87537	31322
63627	32487	11983	54240	76942
55793	37427	33993	33003	21720
86456	97772	13176	66726	91391
62720	56369	19697	79097	75596
39018	50112	19107	38751	18444
27169	36453	91520	66334	82574
7065	43796	46269	83586	92047
95043	78211	41273	64002	47424
50010	35461	80951	59919	43173
84978	82246	42723	32608	15279
16005	98988	99339	36940	26984
12732	94120	13934	2195	134
71931	32689	98525	23053	16924
39725	43212	50393	77964	25411
26218	40118	29373	21469	16236
44599	76488	17141	35074	64211
92453	24047	89379	57845	94491
40104	83839	28821	20887	47558
76427	32051	23116	75354	2323
71005	93816	54877	20739	71519
75448	81829	4039	73002	53183
20404	18397	41571	87502	22358
93586	80963	17325	41416	39501
1793	73890	53352	87073	96969
36008	87306	64601	15066	58681
71131	7832	24602	59514	20529
96041	2348	79378	58737	19039
65598	19981	65595	92806	43413
70078	83918	10227	41304	72816
24593	96596	37580	44661	83131
53604	17954	6969	62659	13496
78143	76305	29944	10670	64504
86817	19147	43189	34184	40173
9743	24209	20313	1010	89611
43377	87463	9831	89813	43186
80790	15394	64405	51398	73615
79722	97844	26562	3254	27362
11403	46112	91273	59241	37502
23871	12641	57554	57777	36808
26896	45039	97900	87957	93236
46136	84662	95222	6748	47941
51000	25722	58154	1618	17549
65602	41814	58400	7533	62609
17476	49761	12029	15801	15072
81869	60439	48952	83170	31955
65743	60378	43825	38600	21594
53076	71500	11834	56433	30029
32114	52392	3437	16294	98371
50577	2834	70738	43467	34833
48011	44098	1357	20930	76336
12933	46840	75999	94586	14633
8357	30048	95001	30686	33641
9671	67108	14057	50534	55459
31296	37911	11892	62766	90814
76140	6879	25055	11726	90493
80672	33570	46148	360	61742
20973	76635	57627	9818	5128
12219	87437	65858	22570	93498
7076	5147	5974	51825	83423
9519	97431	39796	35595	38682
52542	4189	29298	74118	81364
54325	10426	92347	55727	56240
84910	90492	62837	17189	16477
79093	24640	99699	34484	12503
3804	45592	40586	51568	6764
6820	24271	6767	79254	87779
93301	32985	92711	90545	87970
56244	47006	5709	93685	48828
98599	16328	61390	33511	99381
67652	67274	53345	34762	28272
59581	45975	52127	36187	72943
22643	29888	47005	2583	41935
18853	23347	95501	69189	90087
79718	75818	49473	85226	78278
22784	48652	62677	7015	43711
47389	94906	82865	32893	29863
75776	12516	61859	26533	74843
40473	74369	98651	69680	92391
54613	16722	50744	24049	93909
25942	82573	59182	82338	84649
77843	11067	25863	98013	24014
57274	5689	9461	62420	329
46662	97186	98966	59321	6735
27004	51303	49317	73994	69867
5601	5473	74456	48813	86424
65172	90128	84336	80760	72255
29523	14460	33588	58461	30543
55504	81803	7687	5712	12787
38197	33136	73041	17886	54452
43464	63170	10421	86248	43248
5070	93885	33967	59633	55943
83477	26796	78236	53320	46732
80956	29325	68728	11967	67001
59488	89762	52925	30358	66465
94582	44081	99093	12156	3032
21631	76229	91434	53621	94106
98508	79540	21963	20252	23923
50970	64490	49094	34475	43501
56425	99320	20256	60214	39953
46728	53637	72961	29628	87062
54855	48033	34139	41048	37193
34060	53501	60683	24145	4024
65639	23731	71103	16818	58641
52367	40541	72868	88679	25582
12315	91224	97695	31263	68078
88311	3914	80180	57751	55798
90892	77739	84540	67071	19293
36021	3449	9973	23625	554
86558	6356	96373	78628	84334
3669	15937	96562	11768	53990
63855	87185	48949	29847	46603
33725	4803	8108	26376	86318
32758	66090	16486	55926	22342
79010	41500	7680	94580	93038
77838	74299	40080	58933	2703
19184	83238	31393	62628	60912
47524	51059	26451	3564	54290
43550	80529	5153	42704	49719
38148	52957	8044	71665	41666
76640	67864	40598	7638	65852
34784	39752	12789	20309	70002
45133	87901	59209	78419	70314
47515	11726	32389	6481	73454
76289	22943	79153	61608	84608
34200	80888	78744	55272	73328
69636	1092	36174	85838	82514
93695	869	41801	31951	44893
1487	39806	83540	13240	97437
59741	55791	78913	20946	61056
61010	66470	87222	99452	45432
58723	34657	22608	53202	96129
20185	45109	60829	23490	51964
29902	51761	52659	28804	7478
98114	83544	27532	93588	11595
2880	68142	49967	78462	76366
26398	69211	41284	73301	73523
39832	48334	37553	34440	36286
73538	95119	36842	40826	10807
7472	50550	15857	30193	20350
78923	11327	9644	70729	80546
34580	38918	23470	52496	25200
99426	16640	50237	2219	36586
90421	87877	16606	9737	46964
69228	17252	20278	95160	49701
26085	19653	16353	67629	37841
11140	58275	68918	99329	17359
30872	27962	71777	94560	72703
68200	12289	16084	82074	81368
49988	30246	3504	41306	560
44454	12183	55348	87325	61430
66456	82461	8258	65424	57679
6580	27706	74642	26769	89911
91415	33811	68609	43178	87302
70096	22065	33023	64724	14343
680	45955	3521	56996	20289
12812	47251	36004	94295	30160
46538	99666	46830	88765	14430
44560	21949	35448	22476	74858
7291	32205	52645	4034	23244
29327	37218	92631	30826	48197
92197	37378	345	27201	15995
1557	24489	39719	12502	28197
2627	11563	17054	98411	38918
71655	66064	37826	27427	95589
34237	51981	3933	51645	76728
37978	21058	47099	27914	86900
33309	62566	5074	78101	69632
71783	2098	82549	92032	9471
15372	16437	2221	90449	35526
65113	42955	58076	3970	73053
332	12647	60204	58936	90117
37811	50568	73568	66891	74652
13539	93232	85534	18085	84293
45522	53114	5668	49550	85237
54387	79437	12362	23588	9405
85094	35020	62631	72952	52586
86997	80114	20539	78959	90142
62053	46854	78129	79339	29414
69488	76780	82936	88002	7402
34170	37268	25881	67365	22544
44417	73680	15956	94010	11803
57591	28182	61157	28492	83475
38496	64458	28891	43082	69505
1301	23049	54999	35634	35217
8624	49992	84776	54343	37650
48566	31225	24645	32760	53614
38007	59278	32732	60686	49204
30621	74086	51086	55436	5282
86623	1822	69552	90190	3093
95233	74257	42220	93740	661
75909	22977	31728	63854	98192
52546	10958	91122	20107	21578
67820	29742	35846	43535	41100
36294	69924	74021	56326	58627
29042	12073	27644	58563	86160
39299	46292	70786	7174	94810
42237	72669	72121	35339	24938
65798	38773	79265	84493	77140
11397	89047	2164	23543	69271
45547	11694	98743	84316	25012
6286	6519	24093	12695	72637
9059	17993	41990	31761	44678
25536	17557	81125	56182	45733
87579	42009	55466	28581	90987
42379	30126	26716	63587	56607
47012	7406	56353	3507	28173
14687	20646	61351	82346	7991
95523	80471	41102	70926	11684
35832	58858	92279	9202	77269
28512	88877	90932	68040	35052
6295	65145	95073	25975	2895
17096	60506	22871	37260	77516
46852	63376	67009	87736	6479
62940	23348	83991	21951	44492
4337	64736	92261	88076	35832
12947	49356	14155	34821	69850
16009	86769	25177	90117	95024
65353	12656	39232	3783	2714
11162	57205	36137	43048	32990
22751	16239	51984	11540	12286
26370	27721	57122	26352	42972
4440	18922	70957	53452	84534
88602	77934	92938	95934	21339
53745	587	56874	8723	22791
78654	87156	15096	47536	76585
93303	4707	57923	78552	87703
47228	83495	52239	83775	55249
50688	38287	33082	67765	54836
41747	72830	78710	27774	57463
53635	74129	3806	21179	2312
79793	41688	77791	73471	8598
82795	837	29743	37062	85081
22525	89987	59471	14712	52511
20913	65565	61666	26656	11253
55532	31583	90696	65752	21052
91265	57485	18106	76395	96590
95993	62791	11324	76421	50094
82913	36437	39481	16061	59938
31624	88481	74239	86443	70304
40724	21662	67375	19237	64794
25656	2404	32250	70114	72293
90212	97016	55983	16831	22568
40204	40554	49745	59732	3339
57260	12551	63177	76982	42168
16437	50644	16484	67374	41223
37908	95398	57030	37663	7126
96788	80380	19014	3315	21626
59258	64150	58401	11565	35151
21560	86260	52354	8319	18225
8497	46417	79091	9434	8625
53728	19503	74861	10586	22120
79461	4716	25274	76870	60729
80042	8872	78555	33956	6982
26559	46269	37	30772	97419
53347	60675	12507	76530	96205
22943	1975	3654	14366	88833
35580	79890	67447	22623	22577
68839	16875	34895	95727	980
20665	66681	24668	30523	1460
83831	37741	28725	17652	31195
82373	3457	91769	98546	97863
41572	4277	30846	18434	63414
60668	23461	68250	49605	32838
29067	14311	9358	89192	9490
54457	19442	13170	91380	29092
81169	67156	26355	20154	36492
47685	66655	27731	91449	15512
41820	3357	65239	18803	20121
2445	82407	36270	65710	58455
44165	96850	76429	31199	43425
71892	72625	23149	12449	61242
93954	12785	60182	98270	6025
31434	38184	31068	64070	15280
3500	67482	73548	88700	80585
20316	95419	82911	14689	84563
40302	86106	63608	28263	37586
72404	52456	51162	37502	90908
20426	33501	41525	81379	69520
34050	67710	93588	5585	42770
57060	4327	97090	99887	23143
82477	73609	42139	99667	79940
26297	14314	50298	26048	10942
55362	63502	550	87070	52268
56923	98679	23145	31301	62394
5053	40990	81232	8102	31050
59901	11331	59454	99793	16105
26413	74266	79048	98342	36634
53036	43105	89558	67601	75219
51002	29954	6162	66184	65782
74526	41827	59486	34681	24555
79548	6023	54012	58104	64952
74047	60985	2472	18657	32915
5894	77552	75276	39002	14832
6144	36965	52810	18912	25293
33035	13135	56331	31824	3895
60658	51918	69673	19066	94800
78194	88545	94978	23286	77398
4590	79329	42801	41434	88562
85339	77818	7411	49054	24761
38675	55131	60670	24790	21021
83059	1410	19580	19711	14279
15651	92818	34199	13116	99391
59193	94849	75747	48150	54276
59362	87256	67791	88122	60416
26614	29617	4895	16935	64546
55948	74633	13144	47499	36830
25423	32135	71278	79150	4645
21139	33183	49665	93189	16312
32260	61987	12916	9897	48381
31525	31976	45309	3337	52581
75019	83760	50885	125	53194
41951	33721	83464	67208	36315
54479	12179	515	93437	84733
68058	83988	7141	56247	45618
88127	68210	10206	7352	4825
89669	54016	51443	57830	25078
98684	83961	23206	44749	19734
30957	96433	8958	79075	5319
25976	37786	96346	90397	80720
93313	17738	6346	57736	84962
16982	50084	35692	29367	17223
2541	54170	55530	66529	89810
10703	44584	6229	40426	1369
31419	23500	1356	63150	42234
19370	71194	61079	63626	43923
21286	560	65578	14022	39733
84492	65271	42980	12710	46525
53045	79998	564	78332	30138
83974	18583	70302	52261	38431
96519	26194	31302	34892	70041
53820	78581	59727	68136	18187
70038	74256	27661	41296	70073
3636	51080	58217	75794	64149
8496	48070	91343	99846	33586
78993	75153	84844	71396	31403
47463	3118	98586	55040	42731
373	55318	17445	27555	14818
29810	42630	59195	89184	32983
17848	21045	18939	79155	98693
90654	56798	4159	2899	40194
26955	74559	27049	65333	65404
78844	2005	66466	41449	3678
23355	88530	11203	36316	21579
38038	86835	39721	2140	54669
88379	83354	51761	3932	15445
97061	30001	74612	99230	24179
56286	86264	34031	22593	91375
22771	5268	13154	96470	40802
40228	10611	77420	11395	28435
5455	79325	34643	86135	50575
8421	19855	46165	56570	95142
53534	22433	96823	72523	57839
57897	19921	31101	83147	1194
94605	53729	57478	2786	19255
75098	18304	39610	32096	86786
44545	1390	1150	53296	62649
80787	27526	74928	37516	52863
48552	77246	99516	65871	13548
97452	38197	98710	43914	62813
40119	35337	26822	65056	12723
19412	35523	33934	83455	97766
2101	23697	32207	58251	23807
8483	6017	80502	21560	86141
86777	38525	41542	92383	81343
68481	53134	5011	88745	12073
30133	13459	59141	48261	44050
31981	77053	91481	50295	71357
93781	89846	44794	89152	13401
38190	41402	37842	50923	6810
87501	65722	95931	84822	60119
34949	37236	4078	89125	1433
24949	1193	91185	55655	65510
18910	72247	44196	84518	68891
60320	2929	15160	42046	57673
18090	61433	31812	482	15830
265	69416	46200	16788	35656
31089	53244	59819	52375	50525
96209	30311	48033	32778	33770
23183	29247	62822	26537	69024
7508	93104	87920	63224	14713
71536	8242	4369	37080	44066
86801	59325	46266	76119	79892
78772	44928	17113	88133	21402
65304	49675	21569	2194	67893
85137	53985	84875	15138	66682
82290	21798	34044	67588	99454
38355	82116	66018	73095	37564
13148	29290	2090	62819	7174
59065	7146	59853	5857	96106
47098	99722	67399	10622	97374
93682	97001	2490	85169	11981
43288	57688	36141	37652	76754
67910	42345	79853	55732	67548
44139	61931	44165	74724	47869
97759	65722	502	91885	98095
48595	37970	62610	76856	40204
55100	75238	94691	75431	22244
89013	40510	42481	26624	7471
90231	13062	81104	66465	67924
35497	40640	15284	66348	16412
11317	92146	80239	99877	3029
65614	39423	58075	17495	87446
42952	90619	64945	55732	54971
27674	52940	9051	86139	60927
55675	59006	63428	9959	10574
51470	99136	86668	99969	65595
39132	4235	91835	5732	88336
82157	98131	84041	66462	38885
78345	31872	55297	29807	1975
86407	83797	21250	53390	70764
65069	87137	51812	37565	81085
51951	36945	83522	6127	44780
49895	19466	41222	55617	51223
90016	66176	58220	28099	49802
46295	43517	43984	38462	17538
74640	41266	23398	17468	11544
69586	26920	17864	99441	39249
29805	59645	93638	98612	48802
47595	48845	87268	53219	79804
55941	67943	89249	10456	51649
60155	31977	47228	24036	17853
26347	43373	2663	17659	79559
80053	14799	84843	82088	87305
15367	61407	30115	79770	92924
49393	65387	82636	70976	6478
60166	89626	99643	20784	61656
32612	13837	57821	64006	28837
17350	57827	67596	60989	77297
68667	11118	30203	50548	39903
83161	97727	2214	21263	93658
89372	50064	3932	62127	46359
48503	90499	83895	89299	32570
36814	4636	81484	28926	41785
78391	18343	37681	57773	96039
60416	42558	5472	52369	11264
77294	95527	88272	38485	67933
10830	35433	77211	54906	69381
2907	63858	35069	76810	29652
72067	85673	82778	76700	68026
48639	77370	31787	3819	34714
64656	68869	27647	54357	47510
44807	17735	5597	92284	83896
57829	52569	60505	11238	10042
24662	55172	18166	1210	23659
25977	19719	65949	73011	87097
52711	33701	32565	28137	78380
2008	46624	6525	32002	66624
96212	61679	76319	92489	4605
77354	35752	83246	64242	54652
23470	29679	19340	39993	39991
88170	2634	37265	85992	70831
91203	94715	91834	76827	1017
41194	32259	82422	84456	7469
17353	66849	24377	54041	18428
22677	5386	93935	93289	99093
97436	84799	52990	66969	35457
97040	4526	92451	43356	4530
85256	48097	76105	55608	47111
71091	81216	52210	72135	79808
6184	6699	71479	73635	61556
88543	48532	23079	97899	66925
768	93906	71555	65495	38186
64075	77025	66592	24606	16977
45840	52338	51149	93977	23550
52198	16032	94111	20254	87097
45142	8736	85082	71591	65425
78955	615	94564	32068	19951
84762	1679	73445	82433	89899
65669	15382	9202	65636	82993
39762	27626	52035	46680	92080
92624	23850	95152	52903	80409
85632	54807	53004	16631	76751
90223	73317	50235	63388	6633
24455	38873	47988	84813	71267
90370	52922	38555	72016	55806
28748	96855	28437	63971	87747
66678	60664	60722	17687	35911
68751	3947	3164	38492	96027
66874	82674	64260	39643	30227
17501	27328	14460	51959	72805
74724	77016	74856	72490	84803
39439	86595	96688	57484	53075
7750	27693	66549	42385	45240
71803	36646	45350	36488	46397
76088	81280	63540	9387	84342
24835	20874	43686	87077	5900
18542	57947	98461	9349	13686
35056	65789	28575	971	19052
39590	57229	89163	76784	62052
96657	1628	40096	7904	66219
19821	89025	23918	99411	74283
99958	45072	95363	55363	75825
62095	84532	46922	8988	63835
13577	63790	52480	37432	15664
96722	19863	85027	73817	3973
48898	49808	74394	78038	15774
92546	50537	73672	65789	72420
26956	25502	79116	13925	65132
95596	77190	41986	88450	90633
91588	66409	28021	13476	24652
11812	19816	56518	23524	51718
11081	1754	45396	34064	77134
49188	42669	65922	17519	10374
52534	19175	58235	40001	26277
14987	10682	2374	72836	27673
9556	51880	4260	45935	12068
51666	59322	27177	26942	8065
41448	66631	91058	10037	16222
35915	3557	79770	80810	21890
99993	1566	46373	23043	56350
79351	45335	33308	80826	94721
74967	76942	45101	91860	86078
2907	80968	57118	59352	86900
6707	36066	98281	55455	9597
15720	29325	77040	49169	76386
44076	61703	63353	37300	89224
72593	47756	20582	62660	37393
26680	71601	76656	2361	55714
5168	19075	53756	68624	38896
88336	55103	92819	94515	1092
48414	68082	93754	13228	41030
22038	82722	84835	67716	42715
20593	24732	78618	38576	8607
40068	40770	81981	20797	97763
37890	72791	39599	1530	44273
82163	94189	27998	67055	4205
53667	74995	71316	20813	85294
83367	15635	24393	57693	8011
9601	84770	8889	76466	49350
3967	56329	63702	77925	69271
85867	22489	80510	72812	54469
85440	20183	69967	98620	59945
58824	88113	39522	30652	63608
32009	2230	45071	24415	79044
32049	21524	60458	47856	9382
27785	92984	68497	58868	67463
23318	66163	64457	47415	59794
37601	26941	37649	49250	24845
47836	51423	80845	52402	15160
71495	42862	23789	30828	92057
51666	66985	14731	2375	92982
37046	28210	812	20608	33041
53666	57728	46311	95028	14589
33071	85103	79062	10589	54304
10104	13362	48066	64939	37244
3792	43918	89709	29535	72543
89657	56342	38106	25208	70953
87241	59339	89697	36095	2025
31203	82022	87077	94874	33470
39902	22301	53871	10603	24575
16225	38272	67478	78275	63382
28274	60815	14375	45162	96689
17675	14946	13479	30245	4184
94341	90185	37075	18459	82368
41490	3569	18576	84187	37798
39240	88239	33286	63199	4554
45132	21730	26706	45159	14641
48516	63447	65767	28922	33713
43841	66706	5994	56193	62647
88716	70992	22629	98811	30109
1708	36790	76527	24616	98221
55395	23522	77119	94258	31621
93942	56919	40707	87008	85511
14991	92504	7519	62165	40680
80250	46627	89347	8413	18209
45759	88937	9950	62361	21911
81882	43305	38874	94716	45590
9462	29501	72361	85303	23154
99419	31686	6674	37986	29998
860	50918	38183	7384	34508
85770	67795	30761	860	66914
4964	81	66464	76497	43487
20304	8762	76405	49153	86484
11676	75802	45427	21116	28245
36312	62291	33625	73019	33817
43841	84478	20703	12487	3555
30068	99134	3327	69184	25786
45008	50198	64818	60234	35064
8016	58847	48237	39660	78979
88286	57957	66497	42439	35244
22724	13497	48497	95162	11042
35146	63320	90422	89043	51417
6458	36612	2260	84676	85135
86654	16261	71169	45516	93830
2672	34971	89693	87083	64795
15558	99306	4116	84520	69125
95811	42644	35551	18863	12000
48343	85641	84008	99544	96411
8601	84414	25114	51071	4143
93495	66309	32285	98498	48758
85422	80798	95633	15292	2505
32585	76712	65527	66706	9475
76755	78688	70023	2553	51936
86131	11935	77175	53910	38972
43277	37768	46763	77783	85660
68364	83507	78651	92850	63140
43583	71736	46122	21768	8346
81531	80164	74024	57477	12741
2931	13566	72703	31140	93361
94394	3789	86133	28594	57037
60923	71986	64087	40751	97007
66653	2490	70887	13763	32027
74428	43994	87367	61004	30592
54121	26380	3950	81652	78866
84780	51958	8573	18307	59807
97738	76172	19123	51079	21296
1656	6496	1070	3796	99597
26202	42733	30204	82606	84191
81247	94010	93886	26043	87991
47878	76243	22026	20327	32009
81225	16118	47082	38890	31975
60142	4463	7190	22097	41890
8911	4829	73354	47299	36370
10984	98240	83662	52231	33587
93945	60750	54348	54618	15405
95982	46879	82869	48163	61970
67625	42614	69272	96292	30441
54009	19284	35945	9987	52138
55911	1768	27639	77446	68825
11145	30855	16759	15750	22054
13389	83751	32397	40743	43708
73120	35442	25450	40017	38191
80180	57956	73168	21373	57996
16769	82394	42707	28025	97502
26835	94390	69075	68032	1295
47041	90665	72275	93921	97499
68763	15404	53321	70423	69233
68997	82025	26916	68504	60990
51746	38240	89474	30365	41897
5867	6483	75425	35815	12243
25221	70680	53936	25950	47469
99110	65075	15717	67999	17017
4062	46546	20719	42773	57774
74415	34796	14085	9958	24472
75049	79738	41471	62381	60397
27026	4279	55300	36646	52180
45389	86869	75624	43224	75959
70764	10650	87230	25682	90506
90450	18758	93520	31775	20736
25376	897	8678	32342	8634
85238	56873	12031	18815	58338
68120	7559	84192	74981	91888
56721	61501	36196	8155	43621
17837	86728	19689	45071	15165
61150	42515	37354	7943	11270
55861	3736	57953	71345	78487
3688	75520	36708	1611	54770
94109	46278	77560	3804	41808
4187	45568	91036	83718	37819
23089	62143	62845	56872	12790
62948	68840	48540	92232	84098
75323	73735	57074	88705	12732
56042	65103	20311	3144	51417
50375	73950	72179	7380	86770
45974	73508	43117	30139	52436
74880	22224	49639	32924	41042
74897	5199	93150	80170	39235
19736	84987	29786	26024	60166
536	8747	26004	89525	99079
30079	88857	54754	60577	98083
3322	55569	17511	39219	46745
50508	57672	95982	28433	63978
77619	64862	36688	64685	28567
13970	18075	79171	9048	26982
38492	6198	54195	22815	47349
29935	876	2653	28462	42625
37798	1263	67896	78031	14110
5788	33669	10391	35972	57561
58237	44760	87522	92266	60253
71997	45709	39731	13623	30915
69918	8182	14322	13589	26718
82531	96234	13404	51374	64340
37734	43622	68366	47071	23983
43941	16367	31015	29215	895
43666	23670	5893	13457	53594
92908	34287	23911	77881	51349
97662	89045	73155	91887	43999
95382	87183	24336	51252	82466
85706	26612	26633	33175	27911
93754	827	76448	10756	96387
13863	11555	97885	23572	70879
38593	79184	66245	73209	97407
27253	24620	17393	58906	76309
65554	38125	5638	88238	73069
73406	10326	25112	48002	75002
16098	79173	37125	60030	20882
47634	99871	22089	27984	25015
50079	79992	76096	30922	70924
68611	26047	79481	29938	22802
66059	47003	48202	24547	76654
34982	24775	52002	40493	35940
90410	48020	3273	82890	43762
39762	99050	35320	86542	20079
62728	72725	51555	48924	35540
17553	76806	55081	48226	23822
35230	67881	76521	34546	34498
60052	20842	48723	23886	20640
77519	81963	94620	8094	1682
79907	14515	13876	83186	26197
47820	79423	29389	10118	88824
54395	75728	39716	72445	93353
98856	76208	98463	3456	91646
62761	74630	95576	6235	86644
64075	65701	15169	88291	34754
451	11315	20825	92901	53636
2292	10055	22493	34285	56621
43012	78173	69936	54639	89572
7711	23116	20742	34054	63014
46100	12535	14745	84158	43676
22730	52760	67250	25694	96321
43971	4489	41701	84622	78058
49589	84969	27375	32830	70348
23116	24299	1111	20975	36434
20677	32909	58211	78052	94155
91084	30897	66754	73727	22357
81919	72126	73072	65177	78186
10755	63266	30384	46341	26180
52069	89220	40035	22736	37412
71621	57636	96405	68451	55488
83456	91461	40213	390	42637
79809	18181	50835	4716	12514
25397	7462	54106	61456	14336
53780	83534	79383	86880	99325
20422	25538	22252	94806	82644
34818	97332	53434	2532	91354
57815	314	10729	55156	77963
89903	21497	40502	49222	53369
82160	12559	39170	39025	33052
15942	65239	75868	91466	50459
51727	61372	76321	33583	26498
32636	4319	65930	65538	77392
37958	26698	30378	7638	38793
14838	37382	25780	34225	33853
68058	92347	63164	35242	28369
27314	16078	2142	87480	14590
98731	62769	83562	29924	62306
15365	62158	37397	69553	61565
54538	30471	20982	43441	57756
29175	11162	80455	53178	32901
61766	88583	10645	88965	23073
23728	11298	17724	81254	36298
27752	78491	92954	67513	17232
27432	60052	85942	11305	88667
20822	81733	90027	35733	59772
59037	77141	338	67437	33869
49406	81400	211	94362	47521
85791	64470	43839	88841	91253
72426	17589	51347	80013	9317
74517	48493	48220	53074	43878
31651	48675	8489	86739	74460
96837	18081	56977	84328	60901
94681	84379	79462	99504	53483
43808	46788	69034	42805	18847
33554	79115	83321	58434	37380
48913	172	60059	44091	80836
60088	37775	40792	23062	56018
89130	59568	50004	51423	25687
69900	32415	71644	15486	39913
34220	8321	50141	93492	60171
38090	83680	75220	85095	43068
4168	41722	67677	2408	99782
34949	98233	56213	36030	51377
27044	31743	88874	82343	28851
44150	43367	51621	96304	65352
83139	5383	43327	70082	71148
42626	19779	68867	50772	7844
64963	33580	25351	84122	32076
77553	5739	77974	8693	1695
67217	20501	38147	77006	13788
46103	3516	41760	51225	83311
16421	93650	11939	3242	83928
29394	40044	30808	29301	6996
36541	30043	3953	38672	8013
7350	87083	79735	40346	40987
42531	64758	98758	70753	49804
7291	77331	18512	69306	34273
29690	5953	33303	13813	4258
78014	58381	53618	70432	24853
86991	98379	88798	68988	73297
2255	89511	13206	50718	71590
12520	76069	80755	82430	85412
37056	76780	37242	3355	10570
10319	56835	74847	48062	70483
69229	32020	23070	25583	36223
74603	15446	8935	58881	31522
15844	96979	55654	93588	38888
47747	5120	20836	57852	70951
2929	94044	46173	11747	14722
89395	154	61262	65110	46811
21699	19509	73106	98549	19358
28193	323	6287	5308	74202
59667	95891	52584	54732	97675
94294	92216	26259	29333	9111
39324	23244	15112	66673	99159
33589	11148	93064	69656	83576
25666	40465	17419	75254	41713
6699	27562	80132	31007	21709
82328	51392	45260	16533	99118
96230	87892	83016	55861	25163
90915	75513	52314	89461	26711
55123	60701	82705	36684	64539
97314	51737	40943	12617	83940
42505	71691	38742	54834	48596
71891	79407	39590	71086	29280
79913	2408	66388	67883	12899
32468	89987	72241	55558	91496
87626	99204	49106	12162	46678
7877	62969	36079	78452	65098
36310	74216	28976	58239	425
19586	68424	33448	48722	37036
77486	19970	56133	46625	57713
17780	68230	25896	7799	69722
31686	68983	26394	37426	62018
89221	35302	62747	65008	55422
75739	70287	29969	47663	25165
12054	17423	91731	61902	43023
53682	91636	55019	3240	37171
76780	71519	96242	98324	71190
5566	83487	54987	86362	20440
95162	74445	34960	56848	47945
58506	66534	7161	56806	88024
57468	89850	78359	80768	43307
51542	64927	14396	13183	9765
64132	23222	45033	16599	42224
77258	51495	57908	55995	29023
7502	86987	66032	71098	71548
13836	33250	18666	88500	93403
10009	84203	73599	4991	71441
5845	11846	46312	6979	86710
86275	5849	96305	45186	96584
88066	7081	86730	84288	81167
35308	31412	16992	94425	13028
67982	7462	184	299	5949
79753	17300	21934	72116	76249
99649	14843	82918	59982	35624
76235	65138	46078	75334	8014
26219	55131	67708	64622	57613
2581	83847	23255	51343	86141
8045	67340	93641	38435	82107
15223	62183	34276	68868	71688
20938	95890	3849	14204	62484
1722	38252	40515	73210	6165
10163	60813	42219	10910	22805
57434	55975	3032	16994	58014
74635	21195	33662	60112	54406
75205	59344	32496	71437	65635
58907	53887	19995	67584	16173
17303	27201	35958	57141	30975
57907	93334	88406	30956	9918
25858	30583	32602	5714	78667
61287	90387	61311	96308	33783
7026	70317	11519	63250	44283
8476	90526	64141	93715	3037
27043	6525	72308	7879	95763
8	11344	25702	47218	48188
9546	9176	26813	34681	85180
41888	4755	12957	8668	96883
26361	70210	49290	50879	35369
9622	84299	71700	23377	69179
32067	61360	11863	81020	17377
5453	33174	74609	13576	87770
31902	14688	74209	77354	47829
42054	72338	23592	86824	83155
22982	33959	44013	95245	29892
67625	29968	24382	87475	48332
17903	1859	50251	17880	73681
33919	88405	36410	54393	63130
70054	17865	4365	44859	23071
67747	2785	42837	27797	72544
61886	930	61040	16259	24643
61550	43017	15404	56816	90955
54459	88991	89964	80625	31103
13171	80608	71976	56799	3809
45107	9590	33848	76870	61226
82566	30457	33381	49343	37302
98150	20775	57754	13743	59223
90773	4018	67290	65129	50915
83666	34888	41711	62924	97529
80921	29668	88733	55926	43396
99276	84245	48322	76946	31171
99048	7352	36882	79870	21498
1336	50883	90929	48026	37278
7503	16501	48515	26603	4079
71899	98897	83731	74421	71084
68777	31138	21151	51	52069
41139	76776	90041	83967	65407
33432	44211	25705	13335	36472
10994	17216	63407	63267	40631
32331	32879	58205	75359	7275
36784	67727	64087	36637	40474
36703	88479	89294	89387	94805
68865	2677	7531	65480	81035
18179	1577	87233	65778	63477
92883	33293	20511	59460	53958
78427	63179	55200	34213	21334
94411	83941	16673	60227	5187
70536	97087	13017	45544	81833
67322	97813	81418	79364	23346
78840	51028	58546	76746	86898
41871	79821	62133	27017	70817
38724	56738	35360	61324	64987
53308	67097	71624	83108	73421
74857	46189	44703	8364	71048
22627	21268	85606	17084	36536
78899	24557	47620	78608	69220
45237	10899	59807	42924	58161
27993	75590	15106	10313	54397
73866	95022	77191	56461	22194
14292	77232	71496	11623	91824
27740	52514	5965	43823	40963
6756	704	21811	63540	31719
63243	13769	11300	77285	16883
43158	43684	27939	23486	62010
74794	84171	72476	23702	15128
62702	41353	63803	62823	69275
78599	96666	34759	64894	64891
56615	97297	69036	1889	58744
75256	9651	5326	80418	21769
40637	41164	79288	82439	68916
27946	55403	7183	82809	36181
60072	36418	42206	60948	61053
61516	81389	69182	55562	58893
678	46291	16016	99709	62310
20513	89615	48276	45866	44139
92985	16740	97767	76082	59468
42579	83982	18819	24200	83234
47308	63755	30370	8813	94299
91384	5278	72555	74411	29501
14213	40282	27320	43193	68084
9750	8528	57436	16981	49409
56675	31601	23942	84403	24053
9764	22033	46807	11586	56270
74139	25501	80862	57800	31104
43278	71684	5693	62048	75456
8637	53884	92488	55111	64455
1461	88919	38075	5897	28096
19543	50581	35174	35223	99484
22391	50878	65732	67858	53458
93092	78920	60671	45700	50919
83880	44840	79360	91893	1212
88314	72214	66854	67243	23700
94316	43509	50497	47803	71638
65107	92071	56954	10219	1395
53437	56796	25815	25427	83188
65831	73485	29701	62108	64102
25876	63780	27171	19949	62445
48288	38563	72530	34637	17282
71132	86993	45450	82313	54358
34227	66181	91270	67205	10198
14308	96405	38298	80549	36194
67541	9785	28733	25523	76476
24724	5308	60251	534	69426
65509	37977	36719	78488	77605
64564	25485	36456	10493	25347
12179	37684	15452	87420	33128
19287	77619	81877	20058	15635
55883	43366	20383	17784	9912
9860	90646	55239	71238	96538
73531	24148	82697	26367	21218
42376	89191	32976	63635	98716
15374	12227	68897	19289	37218
30622	93870	65908	2091	64926
51983	56387	39468	45717	42862
6517	33216	12737	38919	51099
71946	92525	89075	56861	14488
69904	85363	48494	79097	67385
57027	97309	65332	58578	18016
62615	18985	44513	73735	34818
74680	57972	11110	54633	15680
521	21694	99851	72593	81936
15243	58012	55782	37876	61643
6940	11124	82122	20409	60185
91799	99422	33226	48664	4517
33752	68463	81067	69736	84225
13062	28602	24027	51100	63190
97059	60394	93741	66582	82489
58039	2073	82969	42284	16255
91193	38837	61359	28199	16429
46429	96065	88760	25289	31763
34402	26827	15660	64112	62138
79879	69821	76728	48113	23880
38308	49986	985	68884	64725
6319	15715	3557	22386	99044
81123	99274	63211	80427	66308
63743	86063	79399	41762	12270
62805	30895	46344	45496	42135
37490	33717	23292	24334	10580
52746	74459	93612	13960	49967
81701	46183	7997	28376	71689
97798	52394	33733	9579	98470
78607	55856	83227	58830	5193
40431	32622	51124	15895	17188
79311	78322	68972	68250	26509
22283	38357	60979	44279	38126
83231	99208	47014	34284	80305
35232	78846	48499	59043	46420
60819	57871	37160	85119	15250
35982	29258	86903	56408	33072
45038	65778	46666	2835	99374
1048	1331	57999	68342	80718
72343	77510	97302	54615	62345
35580	54854	36403	99995	79619
2133	64624	8446	63858	69807
85675	65460	47505	58443	37205
7564	91601	60659	94683	40829
5888	72255	16483	50688	69338
98405	73436	11484	62172	39295
30466	90006	12631	62489	14232
10332	71563	41481	49204	20760
75707	13619	33306	72431	50174
42958	12969	21902	50098	62865
10883	31882	23447	27095	35848
52024	6771	40362	5097	30672
57134	97509	19071	17765	41071
51950	59810	7989	86408	35996
66456	24169	57121	25389	48959
58062	63220	65907	14857	24852
44532	73951	31499	94967	17825
432	24463	38013	51305	81458
57848	34114	20176	8082	36929
26432	66830	2744	97299	34616
93440	39662	36835	97878	76604
96715	56920	82689	74026	96499
84203	31805	64327	82675	80980
98255	54160	75895	19966	91213
60640	28360	57558	19008	23069
5673	92379	23900	35657	58744
94500	65458	83138	90829	17447
14047	57409	60144	34995	3095
11956	67785	95288	80736	16087
19202	85325	759	84533	38984
51364	16627	98029	52588	25901
46142	76222	87180	42628	84390
14282	63430	64821	48323	72819
97567	27708	55429	73150	52123
58078	50308	44998	2937	3957
65957	45544	87565	39018	43923
41328	1291	83575	34515	81192
38878	31248	86950	8168	52902
89210	21962	81339	33820	44206
13164	72229	19697	63967	16687
44516	37099	4766	97269	35380
24884	5123	14719	59685	85904
25512	40384	19880	44485	90173
32265	3699	21972	87306	32298
26641	65331	74787	1193	17886
71548	83280	92755	9590	67511
95448	55016	28011	97974	152
2005	85546	92680	45416	61149
27731	90595	60057	64164	57507
52833	41346	49730	57387	69255
70116	3683	40079	14541	48979
81640	43380	76945	8223	52640
50572	58345	18206	62261	21876
13456	87445	14930	72749	48333
7425	3776	82621	53822	23556
96480	75505	9385	63639	81477
63256	86174	60987	69543	22738
35300	21873	57087	92625	22172
12091	96074	31246	89955	94101
24692	66039	69148	77645	23768
37820	35608	20526	5900	47429
66741	37812	22127	29189	22017
59608	29598	65246	73430	30922
89715	86568	87824	68644	67111
40169	15118	99944	79918	95832
56001	89351	69802	36308	16872
36473	37053	5801	868	54182
74255	92766	39406	67070	99259
16896	47952	57543	75737	11811
3936	9292	6587	24115	82085
99451	93678	60178	34795	58255
12339	15212	16163	74869	16460
5535	99761	81712	21244	80508
76735	25879	91169	34054	78767
55499	84039	98889	75643	69213
45129	93198	77629	53754	59820
70432	836	41241	37697	80228
95896	46037	28741	3885	41245
51576	44138	68850	47601	5579
40042	50794	68422	95549	46564
980	72837	2379	19852	89654
68667	50121	44681	56307	75156
923	15747	82614	47742	5740
59702	2342	30733	96699	495
46944	219	54735	24837	37792
45494	93206	5468	44494	44803
89647	51181	90291	32537	29342
75631	57741	84110	30975	89696
35774	56683	89808	69611	52867
2481	56182	30708	7139	25014
43526	53997	71792	78686	37565
70977	17842	70758	70214	55673
82781	98759	63888	98148	19096
34399	95005	33980	2830	9526
60290	43718	9194	6778	85858
59315	333	53366	5083	68289
19099	7597	8837	55665	64043
36368	49727	37585	23302	67337
44517	796	53339	85617	8005
50203	20034	65659	36087	87283
87746	24071	62486	6079	36201
15539	87990	92541	82613	17068
93025	6961	61604	54477	36133
82902	78069	6838	78768	1651
81224	46976	39628	77324	63149
15117	88790	95461	77678	59017
52990	3738	90940	15749	43113
29789	39293	1657	70470	26302
44373	52439	11899	83028	98021
30787	94605	37733	51801	36363
10896	12971	40091	27579	4689
11363	95757	89513	39393	83978
84616	99446	69046	49360	85852
70219	5214	92687	44634	95523
79029	93268	31430	978	51539
60476	33586	75635	58999	29607
84937	79592	2394	96233	6624
23123	22002	72479	60187	29974
96976	62536	57630	30424	30772
40993	74181	69816	64195	95315
47540	77019	29869	13703	76170
69004	34032	34968	90727	81686
25586	31629	81188	38315	82221
98309	73856	26472	11680	1389
4124	81047	54079	9889	46165
84995	5155	27283	69141	36883
454	81965	22319	87474	27309
30842	25543	55246	31460	3407
25196	67639	96137	97402	54844
41603	20828	64318	30833	997
75199	81053	45556	10259	655
48443	64262	60969	4471	52186
34577	38067	59049	82268	61443
8402	73296	9685	3974	37257
9636	54699	98947	40966	33487
84458	51266	21447	68034	70587
85235	67606	58864	92092	44628
75501	11892	70255	68142	42207
27092	1800	62940	60678	56854
57990	57069	59563	57253	23819
43026	60580	30963	24130	64784
36203	15930	92281	44233	59697
44682	43688	49021	73556	95527
77993	34430	58994	72594	78282
83297	36554	65278	26864	86873
22314	79103	42827	43456	10444
5889	33841	86547	95964	78265
57491	67681	58370	74796	14245
91247	24966	80950	41256	18612
46455	6712	41466	92056	63504
74091	516	96786	14206	75096
87165	78363	45085	28161	96008
74943	804	40723	63417	62514
55125	80427	79186	83972	47622
78834	52334	52111	63708	77387
65310	2083	86117	94473	46192
3126	68263	48955	64880	54868
36329	81959	75694	76408	14636
33564	24767	87697	96534	34137
67813	99363	56686	76949	1425
36209	85514	57510	76273	38315
2747	55041	94964	59945	47177
25427	25782	33347	62096	72185
7750	70069	8339	4075	48917
88494	85786	45239	8506	28685
68951	79979	93948	80608	16718
80009	60538	79601	88190	28956
67231	72860	22391	8449	11588
59146	54901	77640	36849	66475
50687	18314	77113	59910	63531
18823	79764	14636	81418	77381
78569	19797	94301	13377	78915
29255	30601	94903	976	69789
94592	98830	27452	84389	57437
28311	33189	8663	42439	95944
4150	86351	20425	15976	33837
41824	41846	33380	97630	9385
57316	4338	75821	17112	53613
84828	86463	13003	10434	21227
99885	13106	59198	80614	46030
99284	77003	43517	67295	72997
43333	5757	42861	18982	12551
4186	87519	98563	1399	79978
34100	7365	22857	93818	3250
72932	5384	4842	85686	64683
91791	5250	63033	80690	11114
64161	30029	43404	5990	16944
59904	19318	2708	4423	25707
64856	69905	46842	67638	8124
80632	11200	28959	9254	31193
64678	96772	25304	64664	18677
27823	37903	26622	93664	58502
62413	72145	77260	21185	62717
13116	35104	70392	22768	73657
80224	5514	18667	2293	78246
66851	82978	40543	65352	51900
90139	45037	94216	21978	18508
1145	45209	73027	32381	57422
10186	10878	28653	29068	85008
44346	81280	935	91182	72589
61552	88204	39247	15297	34385
18539	7325	69305	90574	70550
80760	4483	20755	13679	61152
92017	11161	78012	79869	21157
39539	71065	38991	8067	36678
7593	84253	11846	31948	83010
87243	46749	6272	6539	72847
39836	10878	4045	19334	15899
8534	78945	24866	27828	93500
7308	86481	20119	10871	21800
44647	32349	65629	80891	86134
37084	61265	45832	20237	5281
92724	50733	52792	38567	75765
18432	2579	14769	16870	36389
5211	73168	99235	13896	64416
69605	55824	5959	17225	24714
97728	89987	13023	44069	81177
76217	4639	96625	50009	38825
43802	10706	44226	57558	8346
73205	69802	76755	95132	84631
68634	13278	57160	71971	47615
98537	16769	7538	86543	28776
50096	50545	53655	30477	73685
75720	1869	50831	14370	99712
96473	67839	58197	60277	12944
60237	54222	46898	41404	33464
30367	62831	60912	22061	33219
35686	51849	45604	19704	86730
45665	40553	53304	14388	89226
53607	16972	22791	70054	47062
50552	48224	65596	30278	18192
61003	43051	21172	60487	83547
77042	54550	48546	7071	4975
2456	3592	48149	21554	73593
61398	16627	33333	9107	84287
16131	86645	75712	58661	38695
59545	63328	19470	9702	62962
28986	10699	79272	32552	22562
28616	42192	68823	30532	69516
59642	59804	26280	13028	74728
25470	64163	97905	46108	78263
9430	9948	20429	99623	85065
36827	49826	31758	55459	20947
13123	43841	86236	21360	88599
65782	83137	15283	63478	35983
28949	46617	34403	55016	42850
15796	96858	89959	49481	68422
4715	65920	36177	72560	64677
97680	92489	63750	54779	21225
35351	69860	50695	89401	74161
23444	8980	38967	2214	35902
62183	91044	3069	53346	74658
45976	48440	66512	84210	76982
20301	10127	22091	84103	28406
61788	17802	24203	54604	32015
51857	51077	10785	53903	75626
25014	50546	14412	93606	99681
96636	6248	9627	53089	81690
68436	35834	48661	47813	76979
27293	26207	96253	11384	70035
17221	51435	89710	31965	35582
80382	31435	48255	5444	67582
67672	7107	11677	63741	85026
65099	50041	87587	53682	42151
57065	96729	83237	20222	62130
63184	63683	93372	35434	5287
14012	59770	58792	34176	44965
49346	45968	74291	46647	70704
3566	59756	52593	38976	88186
76414	27911	74578	47758	35946
96645	63512	79895	67654	91269
46775	10199	45217	9248	95546
4159	43264	11930	9719	47453
52151	77836	49274	83653	5876
6233	59563	33579	58807	96497
87073	63619	21522	42240	59551
97968	7333	68819	9073	68282
30107	61561	29617	15408	78457
66755	32687	65076	23268	82953
78672	85581	65459	57684	74802
50135	85804	10875	11150	27478
39933	38685	10825	66654	81375
4897	50173	20082	81970	58621
79988	57680	12172	53601	71081
40070	87413	94315	39347	27426
72342	28626	20228	36337	85771
86379	34302	12711	25617	38958
88927	40412	61978	91715	88692
45917	80097	77995	40296	23539
18888	12628	5539	46406	92181
95797	49051	5645	9423	22383
57228	72213	87074	84241	82023
12486	15216	17558	68805	71748
37592	20035	80340	75324	26449
63387	2110	61662	96471	57547
40885	44577	85138	59292	96203
45882	93898	6567	39382	50039
59653	88435	45774	5225	2494
74220	20126	32561	87099	10757
80703	17636	26225	61592	40372
4038	83833	45698	70740	89849
6084	33066	63051	79234	16407
46866	44621	70900	66287	23165
99502	84689	76112	48173	8917
43874	31377	29408	60314	92456
85243	60963	15649	37500	65566
47873	56304	23109	94574	58850
34698	51484	48930	13917	92556
27902	2289	83163	81068	15375
18831	13668	74082	88965	98176
35270	41171	27878	31423	14785
22536	50485	42107	28444	85605
16581	74205	31784	20585	67150
38	25566	24827	99649	27093
87457	79105	90493	50821	47656
17115	88311	91893	53215	71989
47392	12676	86151	5418	99261
35393	90338	81457	94694	4844
50265	76016	28714	10465	18171
20150	66587	71929	25720	87422
3888	74413	50896	93644	5398
13413	1182	84989	67053	1131
45408	85047	63513	52525	24501
84689	70714	38606	56522	69606
36452	67202	23712	73489	99490
49081	53142	32423	59437	76666
53423	67298	57858	95803	33459
66618	7522	31205	83178	50760
10436	67678	4540	4724	33070
69823	98769	19607	69632	11185
88162	51281	76981	13176	33567
58178	13245	92889	56518	59233
87982	56437	71868	50026	34254
85867	68290	55725	91279	13336
27691	8263	98504	93292	25818
5279	68806	22051	62816	60886
93545	78432	56077	70941	70272
74981	78261	87739	47501	8584
99771	43412	99247	61328	21596
84871	25773	12318	65851	85427
54926	56861	48414	79632	70413
81572	22316	52551	1494	53164
38557	88654	18812	35152	93130
98045	17870	98742	52079	46318
787	56626	58776	61909	15968
66653	27457	33714	11072	62495
46563	26424	9661	85033	4641
1933	2754	89904	57570	27141
97184	31342	65850	18061	49182
86706	82129	69874	65020	24947
65235	78489	95528	4572	65449
81688	81890	61220	86812	76845
65513	1973	56524	83008	16647
30704	79004	53793	96689	44855
46256	77554	32429	12661	49066
52476	14454	80227	38144	58974
56458	67080	22302	50590	61536
95551	40774	73871	72509	75
99715	90939	94110	77775	48324
24626	41781	49415	52836	21321
13018	28404	35146	97608	16733
85944	87430	50259	36573	77667
73379	35892	53290	9622	92846
36775	31191	99418	56339	74354
92093	81478	56594	13969	99385
46383	3277	16209	53333	69422
69442	95328	77973	3358	80772
12469	5350	2389	36555	41871
8733	16635	90674	95292	88494
1145	22191	11766	9696	48063
70982	90800	72583	63764	51126
14290	37304	14607	23816	25233
73041	38774	56490	31889	18656
5643	88569	35856	79365	49196
24017	8276	67882	89302	81833
69549	64347	18118	75897	46874
30215	91875	40669	19983	37519
81106	66771	53000	8249	21997
52387	9401	3835	9963	38602
70321	96975	19930	13048	45118
68708	38577	35388	11912	66112
32951	54619	97619	35075	11404
23645	34259	50355	68514	66955
80119	60925	44515	85319	11332
11502	51745	56214	3994	16419
60296	84168	75903	38939	12944
27969	14538	6594	39744	90439
75078	55736	48810	85543	36003
1463	47682	33787	7248	71241
67040	13458	95770	30217	98244
462	33853	3110	65332	18092
35880	41278	45013	38762	99411
84257	27502	74286	20394	87439
354	29305	98980	5676	27698
52431	78417	91156	46904	19400
76907	55988	19420	39825	38094
72808	36196	68797	14903	84307
45536	80571	49303	41330	26436
66227	11688	49988	96864	93259
45181	35457	35309	27333	39531
37165	10403	31248	46144	76264
55297	30027	91752	77711	99059
24331	23428	43724	75659	71885
83874	56135	1778	94390	12503
77937	67672	32854	78412	23368
18040	38338	94272	54439	62423
36820	78291	77914	16265	45423
14416	82417	61561	85375	85266
24390	23410	36196	77668	84621
29447	56943	72804	29365	45958
76141	47024	62718	60962	71284
84354	42956	88094	31057	32917
20922	13460	67675	34956	73519
33409	36367	98316	57970	75502
18842	86828	43163	57731	6197
94983	41169	57145	15233	54928
94324	27767	20210	87949	80001
21250	23502	9804	40023	71862
67527	18794	41677	71565	45525
6934	20832	9419	38803	33519
30597	61925	29937	96488	40824
31176	54578	72631	49028	33407
29127	76873	22066	33368	24415
99937	99935	31480	76203	71337
45316	95093	29892	48032	63594
97337	61440	14552	24966	56676
62952	55099	40723	48676	84491
76495	98327	67742	72848	91448
85895	20085	641	39219	42335
87861	29128	77848	80894	81103
23725	59997	34286	59374	93314
47364	17904	17612	76042	3130
63931	3964	10859	7799	41391
71948	93166	70552	59754	55615
62236	94509	4904	83269	91665
94618	3262	80981	81614	80376
49009	63952	41182	73209	74194
60987	25769	40543	50113	52176
98924	19576	9065	70931	47844
9592	87757	72054	83204	6093
91254	39841	23492	98782	80596
36096	91316	4767	24708	23730
15726	21654	99066	9950	56821
30156	15533	19708	95619	99001
34974	66444	9764	63090	75338
93300	75738	16190	71528	11900
2168	38491	35882	67724	72449
52879	88858	78397	90772	71672
69493	10046	19938	98231	26177
27741	50441	13064	86584	37537
3636	39277	9743	26723	54962
98867	92260	910	31769	3078
11613	48398	79793	3037	48716
79332	79568	74664	70558	4631
10306	27706	12534	93665	23382
19658	868	46749	27100	65930
70825	95390	10295	24043	95288
9533	52564	89856	1678	39857
69535	10326	93345	48501	76221
26698	32486	61210	57248	98577
19045	54229	45942	62651	16417
88625	96102	10553	35373	3195
96605	1306	54871	44200	13288
2194	83314	56866	48974	10472
59821	38843	58247	67447	49104
65559	15133	10857	27872	25094
26566	67895	981	25332	19648
69213	73014	61137	30285	80502
59650	59872	139	55301	54598
9935	49217	64588	61380	26734
90512	80680	65306	97650	18620
94229	7902	10079	69498	70880
41708	39810	15829	63692	97766
38080	32340	26908	68822	34826
9095	77086	39408	39761	68539
4991	35529	25358	31586	86350
44964	19351	43686	7718	21785
9342	22648	20068	36601	79102
74974	10780	18507	74302	30892
30337	98591	77111	21389	28092
9748	14387	3015	17412	18193
46002	97273	79094	96117	83536
89142	77929	77035	75192	75612
74674	80457	91391	58205	33432
10507	72946	75030	59297	99071
48320	27526	27573	36140	60302
83295	26464	16649	33086	3670
97376	5105	6877	27751	83669
55190	10611	49805	16029	6391
30462	20153	44858	68461	79147
17360	43148	50828	91718	49974
15508	61086	22392	62284	1313
63201	32082	68131	95271	28621
2392	64537	23492	57735	92690
97504	40691	24999	87442	4189
31622	3307	31619	22106	96496
74196	78262	7426	77867	4725
69622	68813	56630	15837	5509
77626	87502	47829	63915	8432
88518	59232	13747	66027	22374
160	565	778	958	11
932	383	605	510	804
658	948	792	958	465
188	899	942	863	443
845	902	435	88	509
985	331	885	534	458
481	593	822	613	770
587	258	339	190	119
42	104	995	343	547
910	985	523	762	643
847	299	84	153	668
801	632	458	285	846
181	680	927	230	678
445	425	539	97	897
787	486	319	125	328
896	229	702	968	254
188	981	354	514	345
876	475	156	113	851
175	774	546	154	525
936	547	879	586	496
77	89	92	100	63
23	54	35	77	16
7	8	46	25	75
57	63	44	40	93
52	71	40	63	22
30	84	9	2	87
39	36	65	48	82
34	11	80	90	27
68	45	12	17	64
34	82	9	95	58
21	74	62	76	39
38	4	42	64	10
61	47	84	47	35
29	75	55	23	37
75	69	11	31	54
66	26	51	75	37
66	92	3	32	86
14	66	27	69	31
88	53	81	7	20
36	30	82	9	99
